n: 510509 phi(n): 502080 n/phi(n): 1.01679
n: 510510 phi(n): 92160 n/phi(n): 5.53939
n: 510511 phi(n): 476928 n/phi(n): 1.07042
